{
 "cells": [
  {
   "cell_type": "markdown",
   "metadata": {
    "nbpresent": {
     "id": "255e14cc-fa6f-48bb-8721-88ffb1645b26"
    }
   },
   "source": [
    "This tutorial is for the 6th chapter of *State Estimation for Robtics*.  \n",
    "Author: Hongpu Liu"
   ]
  },
  {
   "cell_type": "code",
   "execution_count": 1,
   "metadata": {
    "collapsed": true,
    "nbpresent": {
     "id": "e2cd5d7a-90d0-4b8c-95fc-568cb1bc8cd3"
    }
   },
   "outputs": [],
   "source": [
    "%matplotlib inline\n",
    "from __future__ import print_function, division\n",
    "import numpy as np\n",
    "import matplotlib.pyplot as plt"
   ]
  },
  {
   "cell_type": "markdown",
   "metadata": {
    "nbpresent": {
     "id": "13f9c4bc-ba38-49e7-8ba7-7cce09b94659"
    }
   },
   "source": [
    "# CHAPTER 6: Primer on Three-Dimensional Geometry"
   ]
  },
  {
   "cell_type": "markdown",
   "metadata": {
    "nbpresent": {
     "id": "6f1c43d7-025b-43d7-a32a-5f67c36e2d07"
    }
   },
   "source": [
    "## 6.1 Vectors and Reference Frames"
   ]
  },
  {
   "cell_type": "markdown",
   "metadata": {
    "nbpresent": {
     "id": "4afa9dfc-6561-4ade-9568-8fefa5dd9c50"
    }
   },
   "source": [
    "### 6.1.2 Dot Product"
   ]
  },
  {
   "cell_type": "code",
   "execution_count": 2,
   "metadata": {
    "collapsed": false,
    "nbpresent": {
     "id": "8fad17dc-8d02-4b61-9f1b-70e28cd6e9b1"
    }
   },
   "outputs": [
    {
     "name": "stdout",
     "output_type": "stream",
     "text": [
      "r dot s by hand:  32\n",
      "r dot s by np.inner:  32\n",
      "r dot s by np.dot:  32\n"
     ]
    }
   ],
   "source": [
    "# 1 x 4 + 2 x 5 + 3 x 6 = 32\n",
    "r = np.array([1, 2, 3])\n",
    "s = np.array([4, 5, 6])\n",
    "\n",
    "# computer by hand\n",
    "print('r dot s by hand: ', 1 * 4 + 2 * 5 + 3 * 6)\n",
    "\n",
    "# use np.inner to cumpute dot product.\n",
    "# NOTE: r and s MUST be array-like\n",
    "r_dot_s = np.inner(r, s)\n",
    "print('r dot s by np.inner: ', r_dot_s)\n",
    "\n",
    "# use np.dot to cumpute dot product.\n",
    "# NOTE: r and s MUST be an ndarray, a.k.a. a Matrix\n",
    "r.reshape((3, 1))\n",
    "s.reshape((3, 1))\n",
    "r_dot_s = r.T.dot(s)\n",
    "print('r dot s by np.dot: ', r_dot_s)"
   ]
  },
  {
   "cell_type": "markdown",
   "metadata": {},
   "source": [
    "### 6.1.3 Cross Product"
   ]
  },
  {
   "cell_type": "code",
   "execution_count": 3,
   "metadata": {
    "collapsed": false
   },
   "outputs": [
    {
     "name": "stdout",
     "output_type": "stream",
     "text": [
      "r cross s by np.cross: [-3  6 -3]\n"
     ]
    }
   ],
   "source": [
    "# use np.cross to compute cross product\n",
    "r = np.array([1, 2, 3])\n",
    "s = np.array([4, 5, 6])\n",
    "r_cross_s = np.cross(r, s)\n",
    "print('r cross s by np.cross:', r_cross_s)"
   ]
  },
  {
   "cell_type": "code",
   "execution_count": 4,
   "metadata": {
    "collapsed": true
   },
   "outputs": [],
   "source": [
    "# equation (6.2)\n",
    "def skew_symmetric(vec):\n",
    "    \"\"\"\n",
    "    Computer the skew_symmetric matrix from a vector\n",
    "    \n",
    "    Args:\n",
    "        vec: MUST be an array-like\n",
    "    \"\"\"\n",
    "    \n",
    "    vec = np.array(vec).reshape(-1,)\n",
    "    assert vec.shape == (3,), 'vec MUST have three entries'\n",
    "    skew = np.zeros((3, 3))\n",
    "    skew[0][1] = -vec[2]\n",
    "    skew[1][0] = vec[2]\n",
    "    skew[0][2] = vec[1]\n",
    "    skew[2][0] = -vec[1]\n",
    "    skew[1][2] = -vec[0]\n",
    "    skew[2][1] = vec[0]\n",
    "    return skew"
   ]
  },
  {
   "cell_type": "code",
   "execution_count": 5,
   "metadata": {
    "collapsed": false,
    "scrolled": true
   },
   "outputs": [
    {
     "name": "stdout",
     "output_type": "stream",
     "text": [
      "skew_symmetric of r:\n",
      " [[ 0. -3.  2.]\n",
      " [ 3.  0. -1.]\n",
      " [-2.  1.  0.]]\n",
      "r cross s by np.dot:\n",
      " [-3  6 -3]\n"
     ]
    }
   ],
   "source": [
    " # use np.dot and skew_symmetric matrix to compute cross product\n",
    "r = np.array([1, 2, 3])\n",
    "s = np.array([4, 5, 6])\n",
    "\n",
    "r = skew_symmetric(r)\n",
    "print('skew_symmetric of r:\\n', r)\n",
    "\n",
    "s = s.reshape((3, 1))\n",
    "r_corss_s = np.dot(r, s)\n",
    "print('r cross s by np.dot:\\n', r_cross_s)"
   ]
  },
  {
   "cell_type": "code",
   "execution_count": 6,
   "metadata": {
    "collapsed": false
   },
   "outputs": [
    {
     "name": "stdout",
     "output_type": "stream",
     "text": [
      "transpose of skew_symmetric of r:\n",
      " [[ 0.  3. -2.]\n",
      " [-3.  0.  1.]\n",
      " [ 2. -1.  0.]]\n",
      "minus skew_symmetric of r:\n",
      " [[-0.  3. -2.]\n",
      " [-3. -0.  1.]\n",
      " [ 2. -1. -0.]]\n"
     ]
    }
   ],
   "source": [
    "# transpose of skew_symmetric of r, equal minus skew_symmetric of r\n",
    "r = np.array([1, 2, 3])\n",
    "print('transpose of skew_symmetric of r:\\n', skew_symmetric(r).T)\n",
    "print('minus skew_symmetric of r:\\n', - skew_symmetric(r))"
   ]
  },
  {
   "cell_type": "code",
   "execution_count": 7,
   "metadata": {
    "collapsed": false
   },
   "outputs": [
    {
     "name": "stdout",
     "output_type": "stream",
     "text": [
      "r cross s:\n",
      " [[-3.]\n",
      " [ 6.]\n",
      " [-3.]]\n",
      "s cross r:\n",
      " [[ 3.]\n",
      " [-6.]\n",
      " [ 3.]]\n"
     ]
    }
   ],
   "source": [
    "# we'll find that r cross s == - s x r\n",
    "r = np.array([1, 2, 3])\n",
    "s = np.array([4, 5, 6])\n",
    "\n",
    "print('r cross s:\\n', np.dot(skew_symmetric(r), s.reshape((3, 1))))\n",
    "print('s cross r:\\n', np.dot(skew_symmetric(s), r.reshape((3, 1))))"
   ]
  },
  {
   "cell_type": "markdown",
   "metadata": {},
   "source": [
    "## 6.2 Rotation"
   ]
  },
  {
   "cell_type": "markdown",
   "metadata": {},
   "source": [
    "### 6.2.1 Rotation Matrics"
   ]
  },
  {
   "cell_type": "code",
   "execution_count": 8,
   "metadata": {
    "collapsed": false
   },
   "outputs": [
    {
     "name": "stdout",
     "output_type": "stream",
     "text": [
      "C_21:\n",
      " [[ 0. -1.  0.]\n",
      " [ 1.  0.  0.]\n",
      " [ 0.  0.  1.]]\n",
      "r1:\n",
      " [[1]\n",
      " [2]\n",
      " [3]]\n",
      "r2 (r1 in Frame2):\n",
      " [[-2.]\n",
      " [ 1.]\n",
      " [ 3.]]\n",
      "C_12 computed by inverse:\n",
      " [[ 0.  1.  0.]\n",
      " [-1. -0. -0.]\n",
      " [ 0.  0.  1.]]\n",
      "C_12 computed by transpose:\n",
      " [[ 0.  1.  0.]\n",
      " [-1.  0.  0.]\n",
      " [ 0.  0.  1.]]\n",
      "r1 transformed from r2 by C_12:\n",
      " [[1.]\n",
      " [2.]\n",
      " [3.]]\n"
     ]
    }
   ],
   "source": [
    "# define a rotation matrix, along z-axis rotate pi/2\n",
    "C_21 = np.array([0, -1, 0, 1, 0, 0, 0, 0, 1]).astype('float').reshape((3, 3))\n",
    "print('C_21:\\n', C_21)\n",
    "\n",
    "# r1 is in Frame1, we'll use C_21 transform to Frame2\n",
    "r1 = np.array([1, 2, 3]).reshape((3, 1))\n",
    "print('r1:\\n', r1)\n",
    "r2 = np.dot(C_21, r1)\n",
    "print('r2 (r1 in Frame2):\\n', r2)\n",
    "\n",
    "# now use inverse of C_21 transform r2 to Frame1\n",
    "C_12 = np.linalg.inv(C_21)\n",
    "print('C_12 computed by inverse:\\n', C_12)\n",
    "C_12 = C_21.T\n",
    "print('C_12 computed by transpose:\\n', C_12)\n",
    "\n",
    "# transform r2 back to Frame1\n",
    "r1 = np.dot(C_12, r2)\n",
    "print('r1 transformed from r2 by C_12:\\n', r1)"
   ]
  },
  {
   "cell_type": "code",
   "execution_count": 9,
   "metadata": {
    "collapsed": false
   },
   "outputs": [
    {
     "name": "stdout",
     "output_type": "stream",
     "text": [
      "r3 = C_32 C_21 r1:\n",
      " [[-1.]\n",
      " [-2.]\n",
      " [ 3.]]\n",
      "r3 = C_31 r1:\n",
      " [[-1.]\n",
      " [-2.]\n",
      " [ 3.]]\n"
     ]
    }
   ],
   "source": [
    "C_21 = np.array([0, -1, 0, 1, 0, 0, 0, 0, 1]).astype('float').reshape((3, 3))\n",
    "C_32 = np.array([0, -1, 0, 1, 0, 0, 0, 0, 1]).astype('float').reshape((3, 3))\n",
    "C_31 = np.dot(C_32, C_21)\n",
    "\n",
    "# r1 is in Frame1\n",
    "r1 = np.array([1, 2, 3]).reshape((3, 1))\n",
    "\n",
    "# r3 = C_32 C_21 r1\n",
    "r3 = np.dot(C_32, np.dot(C_21, r1))\n",
    "print('r3 = C_32 C_21 r1:\\n', r3)\n",
    "\n",
    "# r3 = C_31 r1\n",
    "r3 = np.dot(C_31, r1)\n",
    "print('r3 = C_31 r1:\\n', r3)\n",
    "\n",
    "# You'll find they are equal."
   ]
  },
  {
   "cell_type": "markdown",
   "metadata": {},
   "source": [
    "### 6.2.2 Principal Rotations"
   ]
  },
  {
   "cell_type": "code",
   "execution_count": 10,
   "metadata": {
    "collapsed": false
   },
   "outputs": [
    {
     "data": {
      "text/plain": [
       "array([[ 0.70710678,  0.70710678,  0.        ],\n",
       "       [-0.70710678,  0.70710678,  0.        ],\n",
       "       [ 0.        ,  0.        ,  1.        ]])"
      ]
     },
     "execution_count": 10,
     "metadata": {},
     "output_type": "execute_result"
    }
   ],
   "source": [
    "def rotation_by_3_axis(theta):\n",
    "    \"\"\"\n",
    "    Computer roatation along z-axis.\n",
    "    \n",
    "    Args:\n",
    "        theta: rotate radian \n",
    "    \"\"\"\n",
    "    cos_theta = np.cos(theta)\n",
    "    sin_theta = np.sin(theta)\n",
    "    C = np.zeros((3, 3))\n",
    "    C[0][0] = cos_theta\n",
    "    C[0][1] = sin_theta\n",
    "    C[1][0] = -sin_theta\n",
    "    C[1][1] = cos_theta\n",
    "    C[2][2] = 1.\n",
    "    return C\n",
    "\n",
    "rotation_by_3_axis(np.pi / 4) # along z-axis rotate pi / 4"
   ]
  },
  {
   "cell_type": "code",
   "execution_count": 11,
   "metadata": {
    "collapsed": false
   },
   "outputs": [
    {
     "data": {
      "text/plain": [
       "array([[ 0.70710678,  0.        , -0.70710678],\n",
       "       [ 0.        ,  1.        ,  0.        ],\n",
       "       [ 0.70710678,  0.        ,  0.70710678]])"
      ]
     },
     "execution_count": 11,
     "metadata": {},
     "output_type": "execute_result"
    }
   ],
   "source": [
    "def rotation_by_2_axis(theta):\n",
    "    \"\"\"\n",
    "    Computer roatation along z-axis.\n",
    "    \n",
    "    Args:\n",
    "        theta: rotate radian \n",
    "    \"\"\"\n",
    "    cos_theta = np.cos(theta)\n",
    "    sin_theta = np.sin(theta)\n",
    "    C = np.zeros((3, 3))\n",
    "    C[0][0] = cos_theta\n",
    "    C[0][2] = -sin_theta\n",
    "    C[2][0] = sin_theta\n",
    "    C[2][2] = cos_theta\n",
    "    C[1][1] = 1.\n",
    "    return C\n",
    "\n",
    "rotation_by_2_axis(np.pi / 4) # along z-axis rotate pi / 4"
   ]
  },
  {
   "cell_type": "code",
   "execution_count": 12,
   "metadata": {
    "collapsed": false
   },
   "outputs": [
    {
     "data": {
      "text/plain": [
       "array([[ 1.        ,  0.        ,  0.        ],\n",
       "       [ 0.        ,  0.70710678,  0.70710678],\n",
       "       [ 0.        , -0.70710678,  0.70710678]])"
      ]
     },
     "execution_count": 12,
     "metadata": {},
     "output_type": "execute_result"
    }
   ],
   "source": [
    "def rotation_by_1_axis(theta):\n",
    "    \"\"\"\n",
    "    Computer roatation along z-axis.\n",
    "    \n",
    "    Args:\n",
    "        theta: rotate radian \n",
    "    \"\"\"\n",
    "    cos_theta = np.cos(theta)\n",
    "    sin_theta = np.sin(theta)\n",
    "    C = np.zeros((3, 3))\n",
    "    C[1][1] = cos_theta\n",
    "    C[1][2] = sin_theta\n",
    "    C[2][1] = -sin_theta\n",
    "    C[2][2] = cos_theta\n",
    "    C[0][0] = 1.\n",
    "    return C\n",
    "\n",
    "rotation_by_1_axis(np.pi / 4) # along z-axis rotate pi / 4"
   ]
  },
  {
   "cell_type": "markdown",
   "metadata": {},
   "source": [
    "### 6.2.3 Alternate Rotation Representations"
   ]
  },
  {
   "cell_type": "markdown",
   "metadata": {},
   "source": [
    "**Euler Angles**"
   ]
  },
  {
   "cell_type": "code",
   "execution_count": 13,
   "metadata": {
    "collapsed": true
   },
   "outputs": [],
   "source": [
    "# equation (6.8)\n",
    "def euler_angles_3_1_3(theta, gamma, psi):\n",
    "    \"\"\"\n",
    "    Compute Euler rotation matrix in sequence 3-1-3.\n",
    "    \n",
    "    Args:\n",
    "        theta: spin angle, rotate along 3-axis\n",
    "        gamma: nutation angle, rotate along 1-axis\n",
    "        psi  : precession angle, rotate along 3-axis\n",
    "    \"\"\"\n",
    "    C_2T = rotation_by_3_axis(theta)\n",
    "    C_TI = rotation_by_1_axis(gamma)\n",
    "    C_I1 = rotation_by_3_axis(psi)\n",
    "    \n",
    "    C_21 = np.dot(C_2T, np.dot(C_TI, C_I1))\n",
    "    return C_21"
   ]
  },
  {
   "cell_type": "code",
   "execution_count": 14,
   "metadata": {
    "collapsed": false
   },
   "outputs": [
    {
     "data": {
      "text/plain": [
       "array([[-0.70710678,  0.70710678,  0.        ],\n",
       "       [-0.70710678, -0.70710678,  0.        ],\n",
       "       [ 0.        ,  0.        ,  1.        ]])"
      ]
     },
     "execution_count": 14,
     "metadata": {},
     "output_type": "execute_result"
    }
   ],
   "source": [
    "# You'll find when gamma is 0, it have singularities\n",
    "euler_angles_3_1_3(np.pi / 2, 0, np.pi/ 4)"
   ]
  },
  {
   "cell_type": "code",
   "execution_count": 15,
   "metadata": {
    "collapsed": true
   },
   "outputs": [],
   "source": [
    "# equation (6.9)\n",
    "def euler_angles_1_2_3(theta3, theta2, theta1):\n",
    "    \"\"\"\n",
    "    Compute Euler rotation matrix in sequence 1-2-3.\n",
    "    \n",
    "    Args:\n",
    "        theta3: roll, rotate along 3-axis\n",
    "        theta2: pitch, rotate along 2-axis\n",
    "        theta1: yaw, rotate along 1-axis\n",
    "    \"\"\"\n",
    "    C_3 = rotation_by_3_axis(theta3)\n",
    "    C_2 = rotation_by_2_axis(theta2)\n",
    "    C_1 = rotation_by_1_axis(theta1)\n",
    "    \n",
    "    C = np.dot(C_3, np.dot(C_2, C_1))\n",
    "    return C"
   ]
  },
  {
   "cell_type": "code",
   "execution_count": 16,
   "metadata": {
    "collapsed": false
   },
   "outputs": [
    {
     "name": "stdout",
     "output_type": "stream",
     "text": [
      "[[ 0.          0.96592583  0.25881905]\n",
      " [ 0.         -0.25881905  0.96592583]\n",
      " [ 1.          0.          0.        ]]\n"
     ]
    }
   ],
   "source": [
    "# You'll find when theta2 is PI/2, it have singularities\n",
    "C = euler_angles_1_2_3(np.pi / 3, np.pi / 2, np.pi / 4)\n",
    "C[np.abs(C) < 1e-10] = 0\n",
    "print(C)"
   ]
  },
  {
   "cell_type": "markdown",
   "metadata": {},
   "source": [
    "**Infinitesimal Rotation**"
   ]
  },
  {
   "cell_type": "code",
   "execution_count": 17,
   "metadata": {
    "collapsed": false
   },
   "outputs": [],
   "source": [
    "def euler_angles_1_2_3_approximation(theta3, theta2, theta1):\n",
    "    \"\"\"\n",
    "    Compute approximation rotation matrix, when all thetas are infinitesimal.\n",
    "    \n",
    "    Args:\n",
    "        theta3: roll, rotate along 3-axis\n",
    "        theta2: pitch, rotate along 2-axis\n",
    "        theta1: yaw, rotate along 1-axis\n",
    "    \"\"\"\n",
    "    theta = [theta1, theta2, theta3]\n",
    "    return np.identity(3) - skew_symmetric(theta)"
   ]
  },
  {
   "cell_type": "code",
   "execution_count": 18,
   "metadata": {
    "collapsed": false
   },
   "outputs": [
    {
     "name": "stdout",
     "output_type": "stream",
     "text": [
      "[[ 1.e+00  1.e-07 -1.e-05]\n",
      " [-1.e-07  1.e+00  1.e-06]\n",
      " [ 1.e-05 -1.e-06  1.e+00]]\n"
     ]
    }
   ],
   "source": [
    "theta = {'theta3': 1e-7, 'theta2': 1e-5, 'theta1': 1e-6}\n",
    "C_approximation = euler_angles_1_2_3_approximation(**theta)\n",
    "print(C_approximation)"
   ]
  },
  {
   "cell_type": "code",
   "execution_count": 19,
   "metadata": {
    "collapsed": false
   },
   "outputs": [
    {
     "name": "stdout",
     "output_type": "stream",
     "text": [
      "[[ 1.0000000e+00  1.0001000e-07 -9.9999999e-06]\n",
      " [-1.0000000e-07  1.0000000e+00  1.0000010e-06]\n",
      " [ 1.0000000e-05 -1.0000000e-06  1.0000000e+00]]\n"
     ]
    }
   ],
   "source": [
    "C_euler = euler_angles_1_2_3(**theta)\n",
    "print(C_euler)"
   ]
  },
  {
   "cell_type": "code",
   "execution_count": 20,
   "metadata": {
    "collapsed": false
   },
   "outputs": [
    {
     "name": "stdout",
     "output_type": "stream",
     "text": [
      "C_approximation - C_euler:\n",
      "[[ 5.00050001e-11 -9.99999995e-12 -1.00171717e-13]\n",
      " [-5.00016784e-18  5.05040454e-13 -9.99999828e-13]\n",
      " [ 1.66667285e-16 -5.01665851e-17  5.05000486e-11]]\n",
      "\n",
      "Frobenius Norm of the different:\n",
      "7.177757341466728e-11\n"
     ]
    }
   ],
   "source": [
    "print('C_approximation - C_euler:')\n",
    "print( C_approximation - C_euler)\n",
    "print('\\nFrobenius Norm of the different:')\n",
    "print(np.linalg.norm(C_approximation - C_euler))"
   ]
  },
  {
   "cell_type": "markdown",
   "metadata": {},
   "source": [
    "**Euler Parameters**"
   ]
  },
  {
   "cell_type": "code",
   "execution_count": 21,
   "metadata": {
    "collapsed": false
   },
   "outputs": [
    {
     "name": "stdout",
     "output_type": "stream",
     "text": [
      "[[ 0.13333333  0.93333333 -0.33333333]\n",
      " [-0.66666667  0.33333333  0.66666667]\n",
      " [ 0.73333333  0.13333333  0.66666667]]\n",
      "result of C dot C.T almost an identity:\n",
      "[[ 1.00000000e+00  2.77555756e-17  8.32667268e-17]\n",
      " [ 2.77555756e-17  1.00000000e+00 -5.55111512e-17]\n",
      " [ 8.32667268e-17 -5.55111512e-17  1.00000000e+00]]\n"
     ]
    }
   ],
   "source": [
    "# Equation (6.15)\n",
    "def euler_parameters_2_rotation_matrix(euler_parameters):\n",
    "    \"\"\"\n",
    "    Compute rotation matrix from euler parameters.\n",
    "    \n",
    "    Args:\n",
    "        euler_parameters: an array-like with 4 entries.\n",
    "    \"\"\"\n",
    "    \n",
    "    euler_parameters = np.array(euler_parameters)\n",
    "    assert euler_parameters.shape == (4, ), \"Euler parameters MUST have four entries.\"\n",
    "    \n",
    "    # the euler parameters MUST be a unit vector\n",
    "    euler_parameters = euler_parameters / np.linalg.norm(euler_parameters)\n",
    "    \n",
    "    # divide the vector into two part:\n",
    "    # epsilon = rotation axis * sin(rotation angle / 2)\n",
    "    epsilon = euler_parameters[:3].reshape((3, 1)) \n",
    "    # eta = cos( rotation angle / 2)\n",
    "    eta = euler_parameters[3]\n",
    "    \n",
    "    C  = (eta ** 2 - np.dot(epsilon.T, epsilon)[0][0]) * np.identity(3)\n",
    "    C += 2 * np.dot(epsilon, epsilon.T)\n",
    "    C += - 2 * eta * skew_symmetric(epsilon)\n",
    "    \n",
    "    return C\n",
    "    \n",
    "C = euler_parameters_2_rotation_matrix([1, 2, 3, 4])\n",
    "print(C)\n",
    "print('result of C dot C.T almost an identity:')\n",
    "print(np.dot(C, C.T))"
   ]
  },
  {
   "cell_type": "markdown",
   "metadata": {
    "collapsed": true
   },
   "source": [
    "**Quaternions**"
   ]
  },
  {
   "cell_type": "code",
   "execution_count": 22,
   "metadata": {
    "collapsed": true
   },
   "outputs": [],
   "source": [
    "# computer unit quaternion\n",
    "def quaternion_unit(q):\n",
    "    \"\"\"\n",
    "    Computer a unit quaternion.\n",
    "    \n",
    "    Args:\n",
    "        q: a quaternion, which has 4 entries. First three are epsilon, last entry is eta.\n",
    "    \"\"\"\n",
    "    q = np.array(q).reshape((-1,))\n",
    "    assert q.shape == (4,), 'Quaternion MUST have four entries.'\n",
    "    \n",
    "    q = q / np.linalg.norm(q)\n",
    "    \n",
    "    q = q.reshape((4, 1))\n",
    "    \n",
    "    return q"
   ]
  },
  {
   "cell_type": "code",
   "execution_count": 23,
   "metadata": {
    "collapsed": false
   },
   "outputs": [
    {
     "data": {
      "text/plain": [
       "array([[ 2.,  1., -2.,  3.],\n",
       "       [-1.,  2.,  3.,  2.],\n",
       "       [ 2., -3.,  2.,  1.],\n",
       "       [-3., -2., -1.,  2.]])"
      ]
     },
     "execution_count": 23,
     "metadata": {},
     "output_type": "execute_result"
    }
   ],
   "source": [
    "# Equation (6.17) left-hand compound operator\n",
    "def quaternion_left_hand_compound(q):\n",
    "    \"\"\"\n",
    "    Quaternion left-hand compound operator.\n",
    "    \n",
    "    Args:\n",
    "        q: a quaternion, which has 4 entries. First three are epsilon, last entry is eta.\n",
    "    \"\"\"\n",
    "    q = np.array(q).reshape((-1,))\n",
    "    assert q.shape == (4,), 'Quaternion MUST have four entries.'\n",
    "    \n",
    "#     q = quaternion_unit(q)\n",
    "    \n",
    "    epsilon = q[:3].reshape(3, 1)\n",
    "    eta = q[3]\n",
    "    \n",
    "    result = np.zeros((4, 4))\n",
    "    result[:3, :3] = eta * np.identity(3) - skew_symmetric(epsilon)\n",
    "    result[:3, 3]  = epsilon.T\n",
    "    result[3, :3]  = - epsilon.T\n",
    "    result[3, 3]   = eta\n",
    "    \n",
    "    return result\n",
    "    \n",
    "quaternion_left_hand_compound([3, 2, 1, 2])"
   ]
  },
  {
   "cell_type": "code",
   "execution_count": 24,
   "metadata": {
    "collapsed": false
   },
   "outputs": [
    {
     "data": {
      "text/plain": [
       "array([[ 2., -1.,  2.,  3.],\n",
       "       [ 1.,  2., -3.,  2.],\n",
       "       [-2.,  3.,  2.,  1.],\n",
       "       [-3., -2., -1.,  2.]])"
      ]
     },
     "execution_count": 24,
     "metadata": {},
     "output_type": "execute_result"
    }
   ],
   "source": [
    "# Equation (6.17) right-hand compound operator\n",
    "def quaternion_right_hand_compound(q):\n",
    "    \"\"\"\n",
    "    Quaternion right-hand compound operator.\n",
    "    \n",
    "    Args:\n",
    "        q: a quaternion, which has 4 entries. First three are epsilon, last entry is eta.\n",
    "    \"\"\"\n",
    "    q = np.array(q).reshape((-1,))\n",
    "    assert q.shape == (4,), 'Quaternion MUST have four entries.'\n",
    "    \n",
    "#     q = quaternion_unit(q)\n",
    "    \n",
    "    epsilon = q[:3].reshape(3, 1)\n",
    "    eta = q[3]\n",
    "    \n",
    "    result = np.zeros((4, 4))\n",
    "    result[:3, :3] = eta * np.identity(3) + skew_symmetric(epsilon)\n",
    "    result[:3, 3]  = epsilon.T\n",
    "    result[3, :3]  = - epsilon.T\n",
    "    result[3, 3]   = eta\n",
    "    \n",
    "    return result\n",
    "    \n",
    "quaternion_right_hand_compound([3, 2, 1, 2])"
   ]
  },
  {
   "cell_type": "code",
   "execution_count": 25,
   "metadata": {
    "collapsed": false
   },
   "outputs": [
    {
     "data": {
      "text/plain": [
       "array([[-3.],\n",
       "       [-2.],\n",
       "       [-1.],\n",
       "       [ 2.]])"
      ]
     },
     "execution_count": 25,
     "metadata": {},
     "output_type": "execute_result"
    }
   ],
   "source": [
    "# Equation (6.18), quternion inverse operator\n",
    "def quaternion_inverse(q):\n",
    "    \"\"\"\n",
    "    Quaternion inverse operator.\n",
    "    \n",
    "    Args:\n",
    "        q: a quaternion, which has 4 entries. First three are epsilon, last entry is eta.\n",
    "    \"\"\"\n",
    "    q = np.array(q).reshape((-1,))\n",
    "    assert q.shape == (4,), 'Quaternion MUST have four entries.'\n",
    "    \n",
    "    epsilon = q[:3].reshape(3, 1)\n",
    "    eta = q[3]\n",
    "    \n",
    "    result = np.zeros((4, 1))\n",
    "    result[:3, 0]  = - epsilon.T\n",
    "    result[ 3, 0]  = eta\n",
    "    \n",
    "    return result\n",
    "\n",
    "quaternion_inverse([3, 2, 1, 2])"
   ]
  },
  {
   "cell_type": "code",
   "execution_count": 26,
   "metadata": {
    "collapsed": false
   },
   "outputs": [
    {
     "name": "stdout",
     "output_type": "stream",
     "text": [
      "left-compound(u) dot v:\n",
      "[[ 0.46553454]\n",
      " [ 0.69830181]\n",
      " [ 0.02586303]\n",
      " [-0.54312363]]\n",
      "right-compound(v) dot u:\n",
      "[[ 0.46553454]\n",
      " [ 0.69830181]\n",
      " [ 0.02586303]\n",
      " [-0.54312363]]\n"
     ]
    }
   ],
   "source": [
    "# validate equation (6.19)\n",
    "u = np.array([3, 2, 1, 3]).reshape((4, 1))\n",
    "u = quaternion_unit(u)\n",
    "v = np.array([4, 6, 3, 2]).reshape((4, 1))\n",
    "v = quaternion_unit(v)\n",
    "\n",
    "print('left-compound(u) dot v:')\n",
    "print(np.dot(quaternion_left_hand_compound(u), quaternion_unit(v)))\n",
    "print('right-compound(v) dot u:')\n",
    "print(np.dot(quaternion_right_hand_compound(v), quaternion_unit(u)))"
   ]
  },
  {
   "cell_type": "code",
   "execution_count": 27,
   "metadata": {
    "collapsed": false
   },
   "outputs": [
    {
     "name": "stdout",
     "output_type": "stream",
     "text": [
      "transopose of left-compound(u):\n",
      "[[ 0.62554324 -0.20851441  0.41702883 -0.62554324]\n",
      " [ 0.20851441  0.62554324 -0.62554324 -0.41702883]\n",
      " [-0.41702883  0.62554324  0.62554324 -0.20851441]\n",
      " [ 0.62554324  0.41702883  0.20851441  0.62554324]]\n",
      "inverse of left-compound(u):\n",
      "[[ 0.62554324 -0.20851441  0.41702883 -0.62554324]\n",
      " [ 0.20851441  0.62554324 -0.62554324 -0.41702883]\n",
      " [-0.41702883  0.62554324  0.62554324 -0.20851441]\n",
      " [ 0.62554324  0.41702883  0.20851441  0.62554324]]\n",
      "left-compound(quaternion_inverse of u):\n",
      "[[ 0.62554324 -0.20851441  0.41702883 -0.62554324]\n",
      " [ 0.20851441  0.62554324 -0.62554324 -0.41702883]\n",
      " [-0.41702883  0.62554324  0.62554324 -0.20851441]\n",
      " [ 0.62554324  0.41702883  0.20851441  0.62554324]]\n"
     ]
    }
   ],
   "source": [
    "# validate equation (6.20) row 1 col 1\n",
    "u = np.array([3, 2, 1, 3]).reshape((4, 1))\n",
    "u = quaternion_unit(u)\n",
    "v = np.array([4, 6, 3, 2]).reshape((4, 1))\n",
    "v = quaternion_unit(v)\n",
    "\n",
    "print('transopose of left-compound(u):')\n",
    "print(quaternion_left_hand_compound(u).T)\n",
    "print('inverse of left-compound(u):')\n",
    "print(np.linalg.inv(quaternion_left_hand_compound(u)))\n",
    "print('left-compound(quaternion_inverse of u):')\n",
    "print(quaternion_left_hand_compound(quaternion_inverse(u)))"
   ]
  },
  {
   "cell_type": "code",
   "execution_count": 28,
   "metadata": {
    "collapsed": false
   },
   "outputs": [
    {
     "name": "stdout",
     "output_type": "stream",
     "text": [
      "transopose of right-compound(u):\n",
      "[[ 0.62554324  0.20851441 -0.41702883 -0.62554324]\n",
      " [-0.20851441  0.62554324  0.62554324 -0.41702883]\n",
      " [ 0.41702883 -0.62554324  0.62554324 -0.20851441]\n",
      " [ 0.62554324  0.41702883  0.20851441  0.62554324]]\n",
      "inverse of right-compound(u):\n",
      "[[ 0.62554324  0.20851441 -0.41702883 -0.62554324]\n",
      " [-0.20851441  0.62554324  0.62554324 -0.41702883]\n",
      " [ 0.41702883 -0.62554324  0.62554324 -0.20851441]\n",
      " [ 0.62554324  0.41702883  0.20851441  0.62554324]]\n",
      "right-compound(quaternion_inverse of u):\n",
      "[[ 0.62554324  0.20851441 -0.41702883 -0.62554324]\n",
      " [-0.20851441  0.62554324  0.62554324 -0.41702883]\n",
      " [ 0.41702883 -0.62554324  0.62554324 -0.20851441]\n",
      " [ 0.62554324  0.41702883  0.20851441  0.62554324]]\n"
     ]
    }
   ],
   "source": [
    "# validate equation (6.20) row 1 col 2\n",
    "u = np.array([3, 2, 1, 3]).reshape((4, 1))\n",
    "u = quaternion_unit(u)\n",
    "v = np.array([4, 6, 3, 2]).reshape((4, 1))\n",
    "v = quaternion_unit(v)\n",
    "\n",
    "print('transopose of right-compound(u):')\n",
    "print(quaternion_right_hand_compound(u).T)\n",
    "print('inverse of right-compound(u):')\n",
    "print(np.linalg.inv(quaternion_right_hand_compound(u)))\n",
    "print('right-compound(quaternion_inverse of u):')\n",
    "print(quaternion_right_hand_compound(quaternion_inverse(u)))"
   ]
  },
  {
   "cell_type": "code",
   "execution_count": 29,
   "metadata": {
    "collapsed": false
   },
   "outputs": [
    {
     "name": "stdout",
     "output_type": "stream",
     "text": [
      "inverse of (left-compound(u) dot v):\n",
      "[[-0.46553454]\n",
      " [-0.69830181]\n",
      " [-0.02586303]\n",
      " [-0.54312363]]\n",
      "left-compound(inverse of u) dot (inverse of v)\n",
      "[[-0.46553454]\n",
      " [-0.69830181]\n",
      " [-0.02586303]\n",
      " [-0.54312363]]\n"
     ]
    }
   ],
   "source": [
    "# validate equation (6.20) row 2 col 1\n",
    "u = np.array([3, 2, 1, 3]).reshape((4, 1))\n",
    "u = quaternion_unit(u)\n",
    "v = np.array([4, 6, 3, 2]).reshape((4, 1))\n",
    "v = quaternion_unit(v)\n",
    "\n",
    "print('inverse of (left-compound(u) dot v):')\n",
    "print(quaternion_inverse(np.dot(quaternion_left_hand_compound(u), v)))\n",
    "print('left-compound(inverse of u) dot (inverse of v)')\n",
    "print(np.dot(\n",
    "        quaternion_left_hand_compound(quaternion_inverse(v)),\n",
    "        quaternion_inverse(u)))"
   ]
  },
  {
   "cell_type": "code",
   "execution_count": 30,
   "metadata": {
    "collapsed": false
   },
   "outputs": [
    {
     "name": "stdout",
     "output_type": "stream",
     "text": [
      "inverse of (right-compound(u) dot v):\n",
      "[[-18.]\n",
      " [-17.]\n",
      " [-21.]\n",
      " [-21.]]\n",
      "right-compound(inverse of u) dot (inverse of v)\n",
      "[[-18.]\n",
      " [-17.]\n",
      " [-21.]\n",
      " [-21.]]\n"
     ]
    }
   ],
   "source": [
    "# validate equation (6.20) row 2 col 2\n",
    "u = np.array([3, 2, 1, 3]).reshape((4, 1))\n",
    "# u = quaternion_unit(u)\n",
    "v = np.array([4, 6, 3, 2]).reshape((4, 1))\n",
    "# v = quaternion_unit(v)\n",
    "\n",
    "print('inverse of (right-compound(u) dot v):')\n",
    "print(quaternion_inverse(np.dot(quaternion_right_hand_compound(u), v)))\n",
    "print('right-compound(inverse of u) dot (inverse of v)')\n",
    "print(np.dot(\n",
    "        quaternion_right_hand_compound(quaternion_inverse(v)),\n",
    "        quaternion_inverse(u)))"
   ]
  },
  {
   "cell_type": "code",
   "execution_count": 31,
   "metadata": {
    "collapsed": false
   },
   "outputs": [
    {
     "name": "stdout",
     "output_type": "stream",
     "text": [
      "First term:\n",
      "[[-123.]\n",
      " [ -22.]\n",
      " [ -61.]\n",
      " [-279.]]\n",
      "Second term:\n",
      "[[-123.]\n",
      " [ -22.]\n",
      " [ -61.]\n",
      " [-279.]]\n",
      "Third term:\n",
      "[[-123.]\n",
      " [ -22.]\n",
      " [ -61.]\n",
      " [-279.]]\n"
     ]
    }
   ],
   "source": [
    "# validate equation (6.20) row 3 col 1\n",
    "u = np.array([3, 2, 1, 3]).reshape((4, 1))\n",
    "v = np.array([4, 6, 3, 2]).reshape((4, 1))\n",
    "w = np.array([4, 6, 3, 2]).reshape((4, 1))\n",
    "u_left = quaternion_left_hand_compound(u)\n",
    "v_left = quaternion_left_hand_compound(v)\n",
    "\n",
    "print('First term:')\n",
    "result = np.dot(u_left, v)\n",
    "result = quaternion_left_hand_compound(result)\n",
    "result = np.dot(result, w)\n",
    "print(result)\n",
    "\n",
    "print('Second term:')\n",
    "result = np.dot(v_left, w)\n",
    "result = np.dot(u_left, result)\n",
    "print(result)\n",
    "\n",
    "print('Third term:')\n",
    "result = np.dot(u_left, v_left)\n",
    "result = np.dot(result, w)\n",
    "print(result)"
   ]
  },
  {
   "cell_type": "code",
   "execution_count": 32,
   "metadata": {
    "collapsed": false
   },
   "outputs": [
    {
     "name": "stdout",
     "output_type": "stream",
     "text": [
      "First term:\n",
      "[[-123.]\n",
      " [ -62.]\n",
      " [  19.]\n",
      " [-279.]]\n",
      "Second term:\n",
      "[[-123.]\n",
      " [ -62.]\n",
      " [  19.]\n",
      " [-279.]]\n",
      "Third term:\n",
      "[[-123.]\n",
      " [ -62.]\n",
      " [  19.]\n",
      " [-279.]]\n"
     ]
    }
   ],
   "source": [
    "# validate equation (6.20) row 3 col 2\n",
    "u = np.array([3, 2, 1, 3]).reshape((4, 1))\n",
    "v = np.array([4, 6, 3, 2]).reshape((4, 1))\n",
    "w = np.array([4, 6, 3, 2]).reshape((4, 1))\n",
    "u_right = quaternion_right_hand_compound(u)\n",
    "v_right = quaternion_right_hand_compound(v)\n",
    "\n",
    "print('First term:')\n",
    "result = np.dot(u_right, v)\n",
    "result = quaternion_right_hand_compound(result)\n",
    "result = np.dot(result, w)\n",
    "print(result)\n",
    "\n",
    "print('Second term:')\n",
    "result = np.dot(v_right, w)\n",
    "result = np.dot(u_right, result)\n",
    "print(result)\n",
    "\n",
    "print('Third term:')\n",
    "result = np.dot(u_right, v_right)\n",
    "result = np.dot(result, w)\n",
    "print(result)"
   ]
  },
  {
   "cell_type": "code",
   "execution_count": 33,
   "metadata": {
    "collapsed": false
   },
   "outputs": [
    {
     "name": "stdout",
     "output_type": "stream",
     "text": [
      "First term:\n",
      "[[ 2.57986902  2.19126249 -4.38252498  3.72098857]\n",
      " [-2.19126249  2.57986902  3.72098857  4.38252498]\n",
      " [ 4.38252498 -3.72098857  2.57986902  2.19126249]\n",
      " [-3.72098857 -4.38252498 -2.19126249  2.57986902]]\n",
      "Second term:\n",
      "[[ 2.57986902  2.19126249 -4.38252498  3.72098857]\n",
      " [-2.19126249  2.57986902  3.72098857  4.38252498]\n",
      " [ 4.38252498 -3.72098857  2.57986902  2.19126249]\n",
      " [-3.72098857 -4.38252498 -2.19126249  2.57986902]]\n"
     ]
    }
   ],
   "source": [
    "# validate equation (6.20) row 4 col 1\n",
    "u = np.array([3, 2, 1, 3]).reshape((4, 1))\n",
    "u = u / np.linalg.norm(u)\n",
    "v = np.array([4, 6, 3, 2]).reshape((4, 1))\n",
    "v = v / np.linalg.norm(v)\n",
    "alpha = 2.3\n",
    "beta = 4.6\n",
    "\n",
    "print('First term:')\n",
    "result = alpha * quaternion_left_hand_compound(u) + \\\n",
    "        beta * quaternion_left_hand_compound(v)\n",
    "print(result)\n",
    "\n",
    "print('Second term:')\n",
    "result = quaternion_left_hand_compound(alpha * u + beta * v)\n",
    "print(result)"
   ]
  },
  {
   "cell_type": "code",
   "execution_count": 34,
   "metadata": {
    "collapsed": false
   },
   "outputs": [
    {
     "name": "stdout",
     "output_type": "stream",
     "text": [
      "First term:\n",
      "[[ 16.1 -16.1  32.2  25.3]\n",
      " [ 16.1  16.1 -25.3  32.2]\n",
      " [-32.2  25.3  16.1  16.1]\n",
      " [-25.3 -32.2 -16.1  16.1]]\n",
      "Second term:\n",
      "[[ 16.1 -16.1  32.2  25.3]\n",
      " [ 16.1  16.1 -25.3  32.2]\n",
      " [-32.2  25.3  16.1  16.1]\n",
      " [-25.3 -32.2 -16.1  16.1]]\n"
     ]
    }
   ],
   "source": [
    "# validate equation (6.20) row 4 col 2\n",
    "u = np.array([3, 2, 1, 3]).reshape((4, 1))\n",
    "v = np.array([4, 6, 3, 2]).reshape((4, 1))\n",
    "alpha = 2.3\n",
    "beta = 4.6\n",
    "\n",
    "print('First term:')\n",
    "result = alpha * quaternion_right_hand_compound(u) + \\\n",
    "        beta * quaternion_right_hand_compound(v)\n",
    "print(result)\n",
    "\n",
    "print('Second term:')\n",
    "result = quaternion_right_hand_compound(alpha * u + beta * v)\n",
    "print(result)"
   ]
  },
  {
   "cell_type": "code",
   "execution_count": 35,
   "metadata": {
    "collapsed": false
   },
   "outputs": [
    {
     "name": "stdout",
     "output_type": "stream",
     "text": [
      "First term:\n",
      "[[  9. -33.   1.  18.]\n",
      " [-19.   9. -18.  27.]\n",
      " [-27.  -6.  27.   1.]\n",
      " [-18. -17. -21. -21.]]\n",
      "Second term:\n",
      "[[  9. -33.   1.  18.]\n",
      " [-19.   9. -18.  27.]\n",
      " [-27.  -6.  27.   1.]\n",
      " [-18. -17. -21. -21.]]\n"
     ]
    }
   ],
   "source": [
    "# validate equation (6.21)\n",
    "u = np.array([3, 2, 1, 3]).reshape((4, 1))\n",
    "v = np.array([4, 6, 3, 2]).reshape((4, 1))\n",
    "u_left = quaternion_left_hand_compound(u)\n",
    "v_right = quaternion_right_hand_compound(v)\n",
    "\n",
    "print('First term:')\n",
    "print(np.dot(u_left, v_right))\n",
    "\n",
    "print('Second term:')\n",
    "print(np.dot(v_right, u_left))"
   ]
  },
  {
   "cell_type": "code",
   "execution_count": 36,
   "metadata": {
    "collapsed": false
   },
   "outputs": [
    {
     "name": "stdout",
     "output_type": "stream",
     "text": [
      "left-compound of q:\n",
      "[[1. 0. 0. 0.]\n",
      " [0. 1. 0. 0.]\n",
      " [0. 0. 1. 0.]\n",
      " [0. 0. 0. 1.]]\n",
      "right-compound of q:\n",
      "[[1. 0. 0. 0.]\n",
      " [0. 1. 0. 0.]\n",
      " [0. 0. 1. 0.]\n",
      " [0. 0. 0. 1.]]\n"
     ]
    }
   ],
   "source": [
    "# Equation (6.22)\n",
    "q = [0, 0, 0, 1]\n",
    "\n",
    "print('left-compound of q:')\n",
    "print(quaternion_left_hand_compound(q))\n",
    "\n",
    "print('right-compound of q:')\n",
    "print(quaternion_right_hand_compound(q))"
   ]
  },
  {
   "cell_type": "markdown",
   "metadata": {},
   "source": [
    "*In rotation, q **MUST** be a unit-length vector.*"
   ]
  },
  {
   "cell_type": "code",
   "execution_count": 37,
   "metadata": {
    "collapsed": false
   },
   "outputs": [
    {
     "name": "stdout",
     "output_type": "stream",
     "text": [
      "v:\n",
      "[[3]\n",
      " [4]\n",
      " [2]\n",
      " [1]]\n",
      "First term:\n",
      "[[3.46666667]\n",
      " [0.66666667]\n",
      " [4.06666667]\n",
      " [1.        ]]\n",
      "Second term:\n",
      "[[3.46666667]\n",
      " [0.66666667]\n",
      " [4.06666667]\n",
      " [1.        ]]\n"
     ]
    }
   ],
   "source": [
    "# Equation (6.24), v is a point in Homogeneous form\n",
    "v = np.array([3, 4, 2, 1]).reshape((4, 1))\n",
    "print(\"v:\")\n",
    "print(v)\n",
    "\n",
    "q = np.array([1, 2, 3, 4])\n",
    "q = q / np.linalg.norm(q)\n",
    "\n",
    "# Equation (6.25)\n",
    "print('First term:')\n",
    "q_left = quaternion_left_hand_compound(q)\n",
    "v_left = quaternion_left_hand_compound(v)\n",
    "q_inv = quaternion_inverse(q)\n",
    "result = np.dot(np.dot(q_left, v_left), q_inv)\n",
    "print(result)\n",
    "\n",
    "print('Second term:')\n",
    "q_left = quaternion_left_hand_compound(q)\n",
    "q_inv_right = quaternion_right_hand_compound(quaternion_inverse(q))\n",
    "result = np.dot(np.dot(q_left, q_inv_right), v)\n",
    "print(result)"
   ]
  },
  {
   "cell_type": "code",
   "execution_count": 38,
   "metadata": {
    "collapsed": false
   },
   "outputs": [
    {
     "name": "stdout",
     "output_type": "stream",
     "text": [
      "First term:\n",
      "[[ 1.33333333e-01  9.33333333e-01 -3.33333333e-01  2.77555756e-17]\n",
      " [-6.66666667e-01  3.33333333e-01  6.66666667e-01  0.00000000e+00]\n",
      " [ 7.33333333e-01  1.33333333e-01  6.66666667e-01  0.00000000e+00]\n",
      " [ 0.00000000e+00  0.00000000e+00  0.00000000e+00  1.00000000e+00]]\n",
      "Second term:\n",
      "[[ 1.33333333e-01  9.33333333e-01 -3.33333333e-01 -2.77555756e-17]\n",
      " [-6.66666667e-01  3.33333333e-01  6.66666667e-01  0.00000000e+00]\n",
      " [ 7.33333333e-01  1.33333333e-01  6.66666667e-01  0.00000000e+00]\n",
      " [ 0.00000000e+00  0.00000000e+00  0.00000000e+00  1.00000000e+00]]\n",
      "Third term:\n",
      "[[ 1.33333333e-01  9.33333333e-01 -3.33333333e-01 -2.77555756e-17]\n",
      " [-6.66666667e-01  3.33333333e-01  6.66666667e-01  0.00000000e+00]\n",
      " [ 7.33333333e-01  1.33333333e-01  6.66666667e-01  0.00000000e+00]\n",
      " [ 0.00000000e+00  0.00000000e+00  0.00000000e+00  1.00000000e+00]]\n",
      "Fourth term\n",
      "[[ 0.13333333  0.93333333 -0.33333333]\n",
      " [-0.66666667  0.33333333  0.66666667]\n",
